36
1 1
69
2 2
420 421
2 2
3 1
10 3
5 8 3 9 2 6 1 4 10 7
10 3
10 2 15 4 7 5 1 8 13 11
10 3
3 1000001 59 60 1000002 1 100 2 4 1000000
5 3
3 2 2 3 2
5 3
2 2 1 3 3
2 1
1000 1
791 337
4215622 864468 3892174 2589576 1154371 4830198 5315397 3013128 6348675 3429166 7740206 7615349 9550244 7254656 1260586 1802039 8945865 826178 4812345 2235236 2357944 9853355 3971567 1442946 7359603 505759 3334564 7751520 3887138 98749 184497 3992287 2901728 7855885 8998255 1931753 4283427 9932690 1717416 6608540 9702287 1474796 7237871 198441 5594094 7082057 112242 3602208 1094268 8918145 4524890 8947502 8915040 637642 3902053 7070423 2697618 6563188 2617697 5474998 2904284 4465868 2035838 9776794 9871110 4605812 683429 4109677 124814 6257153 621828 9172700 493183 4454123 5086123 338682 7074137 9882543 9317460 1834007 9800655 4934340 7211637 7154219 7197335 6485465 4079793 1534472 176055 274943 5126720 9822285 655336 3661646 9028061 7819756 6818580 4532989 2048246 5105754 7113197 6249005 9523626 5356404 4576221 8280400 8794605 9355312 4986258 333985 5988884 3251462 8397390 6399947 5810897 4603226 809408 2928549 6157063 3051226 8996528 7417780 8638982 4920031 5119252 3169583 6553330 5609774 9197593 5000224 749251 8463220 2085147 6816638 1040117 6457771 1081897 5558930 585161 3645075 1977237 6244960 9808967 6831371 8113325 5372559 1750322 445331 5541777 1548297 3251112 922788 7225815 1846448 3306440 822336 5318328 8191710 5818218 875486 7973668 7866620 565516 4027890 4457134 310109 8569946 1851562 7525617 2222218 8687296 5702453 7749611 2732970 4681590 8563824 2455182 7946974 5135983 5872230 60079 8636305 7942153 487336 2766658 6501676 8827345 3517235 1034370 2557003 1791573 7208186 5903443 1298708 1124607 6111255 5576563 8562653 8998695 6688592 6619518 1869979 523955 2813614 7553282 8657929 6391600 5049167 1140782 7536288 2685591 7973127 4415350 8031120 3744472 4884270 8978257 7751785 5973428 6512822 3838079 5083685 9241205 8666957 2055781 4360276 8735828 330531 594270 297087 4997680 3245272 1096912 1713655 2625057 4541613 6020544 3882372 9195188 6734917 6410818 251998 1165837 4179328 4753711 4943446 4481524 7555255 4410368 9887657 5519633 962516 5095381 4609287 3122900 8836349 150580 7194120 2738250 682275 7509520 7167537 3637501 2306855 9317512 4528573 7574138 5327945 5861522 7845455 6722694 1987530 7237163 6927237 6392356 8931608 9265227 9565567 570596 2130003 9566493 6385690 315530 3705333 6121293 3806870 3674553 6198828 8695191 774811 5690167 4499265 5107931 5482798 4167081 7610101 8465125 6908519 8920947 7735591 193637 3179437 4059324 1321608 2625143 681132 2791793 3928030 2691405 1646768 5342454 4251866 3034252 7035238 9711877 3103456 6641683 5611845 3204197 7358442 6883904 2580109 6908335 3160253 7972746 7184360 9580598 8784062 2947848 5193921 1650904 6184731 958614 2320603 5599695 8056801 5224002 1496639 8285966 9181994 5076065 4199492 28588 167709 4111440 2297726 1105111 4401124 4870647 9918519 2592618 1761161 9669045 6978747 3869232 7094908 6823544 8092881 5729821 9447213 6633488 3514701 373811 4677787 7265532 7780527 904428 2814767 8156606 4405474 1071755 5939103 7462510 9558640 9564372 4184377 6755515 2841905 2212600 1584773 7631576 4191764 9233529 4399943 4602480 7355145 2349693 3855235 2227805 2462756 5195549 1641908 1745425 1915306 3811267 9148413 2085833 9786903 4329839 6719581 2478007 1079574 4239811 705159 3130619 8695595 8445283 6957484 5142130 3999866 2098273 6558633 237635 76422 9196349 1926615 1388401 5656677 9828934 7900412 5159158 3756881 6440026 9970710 1583198 5448529 9620601 1566816 849626 7084874 2672615 3236382 1511184 3763654 4100571 5288879 7074053 7169040 4537965 1548247 7111424 1048053 1701732 564893 1068830 5410794 6293023 7620711 2099756 4920127 3415878 2874564 2543759 29336 5469274 6233598 1268170 3467005 5147010 7530507 3673306 1618753 8042830 1873977 6753131 4867497 7741038 9041969 4635999 2320329 4066071 3226064 868303 9189070 4277505 5310349 8281783 6448256 9705394 6134712 5519976 5173690 2728707 9123259 9187648 325884 2272084 2379776 7169530 8248869 2533790 9986623 2846143 5988497 7037816 444257 919735 4927441 2781546 1775126 2255896 1705305 739264 6941747 5787252 7701158 8537438 8067624 5548032 2207819 654543 8335152 7083815 6055385 6568319 63319 3840788 4982975 6108352 3916092 841351 1743646 7192727 6730125 3699365 3830646 4427962 2104015 9558591 9508090 2372497 7756776 6350650 9512707 8295357 9865768 3509133 3497261 2629757 616078 722927 3177558 4492719 438319 4823367 1374843 8236826 6570421 9987196 6665594 8358955 9632410 9977622 8179128 9821949 2169503 3709778 6930538 8694412 4769468 6981292 7157492 6982232 4591828 6809663 2053164 2227392 7589046 8507674 5320050 1358554 1609497 9114322 5527792 5317129 9063661 571557 3198107 5450053 8681114 766349 7067839 6794341 774113 5092503 1830539 8478845 5843076 2644342 4408806 1180071 6474631 8678377 5046341 4090878 2386668 6975914 4102441 3213740 4292556 7509543 7146693 3694905 5879975 2938238 6736317 9731264 2430348 4255541 9117281 2096126 5227281 4373115 9225183 2369294 4342752 5255284 1594895 4774958 4186283 424562 5034172 9168313 4118325 4836561 7994472 8254536 371213 2305708 8938482 8232616 1178623 4145431 9090379 2437946 916016 7621308 6207883 5024743 5089541 6348244 7278644 3230722 7902901 7894184 9558124 8542727 7812273 3885401 8555705 829919 4507297 4996863 9429908 1237084 7575264 4807111 9971784 2868797 2785289 5940083 1800053 7054429 226011 7851506 5086194 8602517 8697201 4294295 258055 9537614 6865629 2182106 8205001 3765581 9441110 2242928 6791526 1616263 3973045 1359213 7401208 1137952 1584011 2362505 3964484 9237392 5697768 9531361 3140398 9207475 8299561 9227627 5430888 4031360 5601573 3650749 7851123 6956177 7044697 8463976 2907405 2655786 8196772 8404086 9721506 6695431 4077405 1145461 7651423 3673714 7217616 999556 2357603 3987723 2506191 2828902 5975228 8921810 7664625 630608 9387109 4010905 2614879 4171407 9603390 1542659 7774912 7708253 1580737 3030384 169912 7979461 6679893 8362681 5332299 8150742 7612512 2591268 6156252 2620360 6966587 70336 1026526 264108 6640741 4156211 5593679 6951904 9762310 7410472 4195084 341719 8026203 9642194 4217636 1101394 2464832 5249664 6862229 5524118 7229725 2442879 1635624 4320254 1637578 7393698 5442438 395864 9145127 9565220 5134993 8890756 4617685 7507605 8695423 9234471 6591285 5299383 7997803 3604106 1425029 2362365 7079535 1772640 6091900 8713231 9906249 2861843 4515826 696793
40 4
4217464 79 5158005 5908523 1623651 1502264 2153688 6426351 9062401 4989709 1760263 78 2143747 9803238 2344407 6653856 3262139 5433 77 2699210 282139 6911068 76 9512034 2907202 9624412 1497992 9102046 3835944 6905873 6061132 7166090 4838738 1950765 7550930 4315812 75 7569276 1354276 4545140
109 70
3220473 1233168 8694208 4444668 4459596 1233145 2333805 7536092 5608876 903303 7033172 5769018 8783019 9957828 3990930 865210 2282820 383520 7111008 7633019 4400443 3935809 7987723 4743957 8289398 764009 1630975 5385788 7666661 3832530 527298 9697750 4953459 9364247 5216773 2654983 3292485 1897187 585550 9592577 7832224 8602274 6947312 2509085 3021529 4638253 779864 4882843 1847159 7471900 5872797 9984522 9667248 6799869 9869272 8601589 2266408 3863385 6607899 2187641 9574413 8943909 5264717 622110 9113240 8003471 6932859 6158743 5850721 4486272 3301630 298325 8423327 3560904 3808059 5359362 8875906 5938719 3766676 9253833 3363743 4634230 8481411 1561495 8404783 4331916 7143334 6673193 1430594 1907018 2235703 2106280 3254349 2851305 6408215 3178786 1458016 9707358 1719870 6614828 3003009 5653711 4519530 121623 4781927 5750520 1839752 3619571 7081625
280 43
76430 151529 5155051 7147048 9510964 4378405 9275388 7789629 9652821 59 653350 2949782 2192599 4933811 9882109 2315525 6886324 4098521 8786237 2734430 81 44 675942 3001468 2143061 7451050 6347545 8637375 9925842 3269697 913777 7365374 1216371 75 8090260 6491924 6349499 6175662 729902 646442 8867686 41 2536150 391875 5539278 7971577 3545544 6399019 73 3120178 1762527 3426476 8830495 8934107 789513 7546082 1013246 50 6214262 5941819 4694467 6240000 1988391 3251655 1530926 69 51 2387105 5551021 9993033 6517155 2135213 1293413 76 8690430 6225176 5518915 6340519 80 54 5687777 2565204 7086648 967462 5670807 2278501 4098700 2747184 7958948 3226608 1206216 1333779 5822988 7112173 8798073 5415886 71 1381151 3964594 79 4777953 9215933 4694711 111386 4426272 3878328 67 6039018 57 5215173 3230714 5772186 3228663 1970801 1487010 6530002 1141214 4094398 1400979 6700182 495195 151803 53 7714624 5799448 4363369 1055438 3346121 4221316 9035946 5425527 9334980 3129983 2631319 9721387 3649186 3804771 2313674 8476571 1030054 8969580 349832 8763137 8213733 77 8073478 63 8036143 68 5308647 4545515 3441661 9070996 7143587 1422241 5696782 48 2452686 1379631 685350 9305907 63274 1609396 8121640 8298670 7376740 5317881 8715958 6675452 999710 7457363 2067285 58 4620744 3427577 55 1904958 421734 43 8671757 56 5189929 3127202 60 420161 6040619 3250058 272274 42 3629747 7827160 2286563 2013678 8564514 3986143 9906509 3395571 3668161 9214953 4034050 78 9964700 9993100 2209127 61 3671606 3843077 7389068 9547413 82 275767 2264564 4401383 1809383 74 3565469 2626387 8696390 5766076 2159096 4287529 3833210 943923 9049030 683702 2262422 6678407 7802575 9871444 66 7344782 2598127 40 6357753 6436947 8851932 2682609 340220 9162010 3052424 47 4382302 46 72 7012203 9886856 2968664 80421 2381184 2391347 8294774 70 2279354 5189892 5672536 5160050 3542348 6718976 52 64 6273235 5781202 67867 62 83 1815763 8573852 65 7008548 7632477 3300562 45 4999535 9565980 5092965 7940944 49 688949 7943140 7392416
337 15
9671347 9624758 7233710 6916371 7288070 204387 5457668 3099393 6214427 1284673 3504409 5290779 9418585 5074446 1210216 6406798 8911946 8913740 7377508 8711340 324126 6298987 9015126 838430 6297195 5790631 5027290 4850799 9375096 8078112 8674889 3685385 8525695 5983411 3222940 2662074 2785475 5720312 5739421 9986830 6282877 5686208 7364606 418 6588025 2832335 134362 2818969 4402393 7849049 5295978 7220427 6441579 3585584 9416070 3106744 8954573 9483991 8229059 7554765 3990424 4004924 5069044 2564559 714052 6712029 861533 3109547 6990873 1273424 3019081 5377174 5629882 1710504 4958405 5289039 9966142 9914079 4085415 7833356 1543333 591436 5175640 247661 7368237 5675724 4217414 9883767 5055743 8226293 4713250 2638113 9132655 6594383 7229536 3712335 3243990 6621253 5152443 9142173 6051397 2141598 1448747 4222375 8422258 2517802 9132282 5460990 3748596 4275899 2660603 2376613 3868695 5187303 9775880 2267771 1158704 9201914 1275658 7399902 8110110 831057 7267372 341398 7965880 1035231 735075 6032730 1144699 1010410 8594160 3593011 5601078 7559301 5081760 3967427 7006804 6731313 8823330 8430858 1002304 8481968 4172897 2087721 5393622 9751985 9100990 8636649 619576 8719479 2606172 1433795 4388778 3997334 5936501 2198915 6586117 1124017 4744635 1223114 9384765 9574021 4700257 2588228 4911323 1218962 9096863 8588234 4898844 2054540 8472210 7080231 3211912 3262400 7883155 6948510 8735628 193789 7764141 6340280 1524100 1352787 3732411 5395780 1218340 6534446 4388842 4858789 7865050 6012941 2387130 4064542 679334 9694245 2403721 4740138 7408853 5681314 6238959 9422152 752228 2214379 8801134 6460783 7704277 1870111 5600946 6116135 9403469 4413292 4865575 6250616 358016 5426015 330975 1715714 622664 7254344 4040257 5382700 478988 7682357 6005992 5863579 7914385 1110298 9921902 7862111 3961891 8799868 9201673 2201082 3936376 1762112 7463473 2157538 7280107 3540255 5335654 3601408 5444191 5522504 2108570 9126960 5135076 2390141 4786241 9803671 1495929 4600726 8613007 8465937 6728018 2160286 2666552 3424068 3418519 2189447 8212152 9411665 6104029 6185441 6977615 7443452 825955 2381280 4371636 2894588 506081 5440454 1321403 8694071 8055209 4793091 8279815 9041386 8062759 1326441 7762835 9855030 6216051 3985093 3230880 2246390 3554044 5750289 3967601 3953869 9401299 639356 4781814 680674 3992570 1733571 7281968 7408986 5973072 7986606 4628992 384943 3156893 4338805 3891391 3938710 8084864 1117036 6024111 7859324 2890388 1765865 979425 7020169 1854229 734566 7712647 7415242 5292119 3809720 9207210 8868504 1164642 6396148 1588540 9473734 1779483 8200484 3503796 571136 3007872 2457192 5322320 1088307 5727378 2235086 8112266 7913272 8238660
297 23
6459139 4911675 352903 4054777 41 9201045 8717690 4761272 5001681 8818637 47 5815650 2274955 1881729 9513814 32 5198014 8394210 3121037 686601 1683717 2005935 3804567 7439510 4296399 4436722 5456109 246994 39 7385091 9017525 3024052 1184785 7752982 459336 823313 6141716 4929182 3872536 5243976 4711340 6068008 9929522 1517037 6413800 7075399 162029 824559 1061252 2137792 232951 6734817 1626279 2454181 6209757 9526506 7847379 33 8742290 1972029 5309647 8021060 45 3150814 1247021 1407390 4720239 4117657 5012528 9635881 6318643 5226729 4226725 3723294 4386861 406449 1912959 3113281 35 44 2184285 1688757 6739323 5123903 6917931 40 8859370 213146 8886659 9466650 4413424 9223489 7350247 969707 2874218 440847 46 5668855 5915258 217847 4487774 3911615 8693320 2800161 145082 8740463 4359065 42 8481 2619195 8464695 1463877 5757656 1913873 864140 2454136 6765954 9820303 2159560 4337263 7133492 5820483 8613540 7926975 6653300 1722043 6523289 6393513 7813390 9317704 8238132 7057496 9727752 2890938 75548 3500263 2535578 6583619 2807568 7674708 5399922 8150365 5783730 8439187 3982595 6677651 360049 9809887 3588243 6295007 5145313 6513995 8062005 1228470 8626290 28 9196193 31 36 1122021 8227124 9785187 7809737 8577903 4896907 6141314 5425485 1027526 49 8571338 37 5167911 7917417 8905315 4038974 5689165 7815449 1499091 3977418 2144197 1562285 6708378 7082588 5236071 564298 4800632 7858707 51 6511039 9549183 536288 8008367 8360855 6441127 4628137 7196562 512416 9811560 904581 7419066 9524232 8637627 8671480 3995351 3826302 5812192 1266489 4787276 7895162 949361 432151 5043445 50 3346360 8739769 9119490 7708118 4964405 4343761 9303362 967016 3183888 1576092 9996911 523996 2655240 4070687 5168967 340480 6373767 2201311 4783041 5601034 7362542 8500232 2517264 8031523 4346861 3397628 1799963 344068 9387600 7980857 2789359 3017030 2577827 949040 4531426 848990 48 283286 1713660 1496908 6200736 1346771 8127987 952028 4622229 9127961 7830251 30 29 43 3968344 2171418 6345890 8300918 3721752 3170516 9750870 5830601 2353133 5511606 8255704 6181577 34 5004703 2744915 2589203 3898607 7754167 4798847 2373182 3149085 6213076 1159545 6968449 4483838 8847509 2075001 1213423 6094398 38 272146 4767121 8131798 9663423
57 49
54 81 70 59 83 74 82 44 6131127 86 75 62 43 61 55 3967542 80 87 77 48 50 60 640602 42 68 71 78 6888605 84 40 66 38 79 69 46 49 85 7978310 73 63 56 45 67 76 65 1796842 52 64 53 41 3746945 51 47 57 58 39 72
642 346
3916595 1355001 7355025 3916741 3916827 4359174 3916797 2582407 5773693 2913579 9286589 3916790 3916581 5201382 3916601 3916577 3916824 9451212 8764697 9624792 3916858 3916607 4308624 3916647 5126994 3916657 4941764 8881877 7266009 3916796 3916848 9278178 3916699 3916522 3916602 3916835 3916720 9847309 3916743 6628985 3916599 3916616 3916841 3916590 1838351 8610638 6810627 3916746 3916676 7045735 3916653 3916666 3916832 7415595 9598460 3916626 3916661 9379654 3442912 1560977 45260 3916551 3916783 3916812 3916656 3916567 5636440 8086955 8545479 4070412 2877253 5805398 3916573 3916731 3916610 3916679 7114388 7198747 3916849 3916721 4023053 3916851 4760271 6941627 7069980 3889557 7271367 3916691 5822453 1649935 3916523 6444334 3916623 732561 3916547 6539464 1267023 3367599 3916586 4793163 3916730 9145589 1442457 3916646 3916649 168880 3916655 3187920 3172637 6399010 3916837 2750842 3916843 3916587 3916625 3916673 3916703 3916524 6936525 9783885 3916654 3916846 3916774 3916700 3916641 3916669 3916705 3916688 3916859 7762203 7834959 3916820 3551424 506428 6482324 202976 3916568 3916642 3916802 9399969 3916836 3916753 3916527 3916761 9702229 3916637 3916531 3916580 3916584 3916787 3916755 6285380 9462998 3916526 5121103 6067306 3916754 6602581 3916571 7544826 3916613 3916757 3916677 6941650 5485254 2363618 3916674 3916863 1738032 3916644 3916597 3916668 3916779 3916570 3916785 3916789 3916759 9168079 2255037 3916612 3916736 3916631 3722463 3916747 3916733 3916534 3916690 3484755 3916536 8289954 9873075 4281416 3916740 3739505 3916707 3916578 3916557 7381718 7109576 2759307 3916860 3916861 3916678 3916663 3916680 3916659 8395350 3916765 3916808 3916794 3916806 1699017 3916706 261099 3916834 3916640 3916817 4270021 9766881 3916529 3916687 3916528 3921634 3916525 5829730 3916667 3916739 812856 2558667 3916728 3916564 1255018 3916862 3916856 3916632 1518352 2655335 3916838 3916801 3916635 3916809 4679349 3916543 3916853 3916592 6250014 2740376 3916847 6003723 3916651 3916737 3916675 2598195 1870509 3916606 7313524 3916621 608978 3916762 3916811 2752067 3916842 3667862 3916718 3916776 7331115 3916750 6029102 6723068 3916689 3916639 3916604 3916588 3916603 1350198 5817570 3916738 3916749 3916670 8306472 3916560 2830372 3916805 3916598 3916611 6956996 3916716 9701762 3916726 3916778 3916648 3916767 3916867 6948998 9178167 4748306 4391031 2571118 3916696 3916852 3916620 3916622 3316617 4787681 3916868 2318889 3916614 2723449 3916711 3916742 3916540 8675102 3916793 3916756 422481 6549829 1336773 8343710 994999 112675 6741177 3916831 3702524 2167847 4888888 3916777 671942 3916864 3916710 3916576 3916693 9136883 3916683 279518 2729011 3916727 2471623 3916582 3916596 3916698 3916556 3916704 3916709 4955975 3778462 3916549 4926991 3916815 9937743 9613982 3916664 6906356 6429452 3916773 3916605 6051661 1432790 3916671 3916681 3916645 4325799 6611960 7815703 3916734 3916818 3779782 1986136 632239 8097488 33475 3916652 1317869 6697710 3916565 3916558 3916615 3916770 3916554 5017003 9213723 7728382 5895221 8837733 2802337 3337176 5359238 8952211 2567116 1998714 6484522 5155528 3916629 3916633 8371655 54055 3916732 806927 3516627 3916539 4210242 3916701 3916594 2639502 4555580 3557255 406162 3916628 3916686 3916723 3733804 9586963 3916618 3916535 3916724 3916608 3916828 9705243 3916795 3916702 3916685 9334418 3916692 3916658 4153451 247704 3916829 3916544 6588873 6636472 3916638 2295568 7065300 1610131 3916840 5469214 3916541 3916784 3916533 3158727 8791936 3916844 6059341 3916810 6363782 1731221 3916823 354836 3916752 7822071 3916722 213861 3916855 5096026 3916542 3916775 844366 3916532 6695130 3916530 678072 4057460 3916788 3916744 3916833 9340686 3916771 5261348 7484429 9042200 3916589 8143191 3916695 2015723 1427028 3916643 3916865 3916866 2770391 3916579 3916600 9314003 3916575 3916714 3916585 3160703 26500 3916854 3916694 3916769 3916591 3916830 4842118 4022106 3916715 3916814 6079132 3916583 9914722 3916636 6087611 7986760 3916617 3916538 3916825 3916708 3916593 5416965 9650459 3916627 7259973 3916665 3916799 3916766 3916546 9816997 3188876 6178841 3916807 8272780 2905584 3916624 3994918 3916574 1688304 3916660 3916748 3285696 7054485 3916780 8734732 3916553 3916745 3916791 3916697 3916682 9358928 273773 8046847 7575471 3916572 8600010 3916550 1187410 6791099 3916804 9080667 3916619 3916650 3916719 2217870 3916545 3916563 3916768 3916781 3916634 4931041 3916786 2243545 4412747 3916537 6318884 7190846 4030657 1813525 3916764 3916684 6718504 1231180 1018054 6335684 6696886 3916559 9232446 1936143 2011053 4193951 3916857 3916713 3642434 3916772 3916729 3916562 3916798 2126253 3916850 3916725 3916822 4103845 1666322 8117142 3916845 3916561 3916763 9324602 8276150 3347642 3916609 3916751 5454509 2873715 3916717 3916555 3916826 7305220 2915524 3916792 3916816 3916552 3916569 2906670 1952409 3916566 3916803 5379186 8094520 3916758 3916821 3916760 3916630 2634865 3916712 7149001 3916672 3916839 9288086 6770314 3916813 3916662 3916735 159727 3916819 1426968 1584381 383472 3916800 3880085 9681694 9503733 3417397 3916548 3916782 9707612
279 26
1564801 120397 4709111 9969197 1513204 2602163 7515215 9425389 8863610 8830072 651810 3322843 1246368 9595433 1582170 9144617 3974289 30045 3972968 3124944 3839006 9830896 9847048 9617869 9537103 647080 4042293 6860032 977469 6359004 735104 7303915 5813563 7957070 3916054 8807666 8487241 3742265 735133 788878 2841241 7334429 1934966 3795462 8511416 3852614 410388 7994626 5108344 7513962 6952472 7550777 3724333 3244398 3251325 1978384 8796141 8953001 8171353 9732566 1702548 8143696 1027863 5445980 3586966 7010863 3188459 8452683 3966732 7320355 9695489 5912717 7454901 2250647 5146723 4087038 774666 4974690 1042871 1728127 9208666 5938483 7494438 5096742 7689980 1183194 3732051 9612793 9407248 1683249 3970619 4304764 8217113 9196304 5984105 7026585 7617233 9414260 9329462 1198708 85513 4914534 2448420 3567295 8991341 5962718 1047964 2264435 7033078 173969 4787819 4592921 1279915 4447861 8081943 3748098 689492 1080641 6908830 4730234 7030511 814384 2743548 338406 6887162 6774507 1177280 566642 9802398 7339855 3675468 8042038 5432885 8732597 1653865 3169288 2877939 9560609 7063051 3980064 7623329 3279894 6487444 7948880 455454 3671978 5276565 1140873 4144875 2423433 735110 3308731 7320005 5341050 5243782 5452741 9609733 5133831 3022759 2822206 2857228 8292282 5210033 8195964 6628992 8643407 8678304 8066945 7212823 9977074 7638891 4972661 2103646 273049 4484936 5019658 2560663 7777475 9950146 5184459 8215096 7014281 5761694 9328823 9992627 7987150 2914607 599227 8916173 809124 8851050 5090963 1096471 8483794 1011868 9462271 8513064 5235231 5738766 8482265 4656719 5938223 1547596 2765461 7357206 9608871 8008086 4261844 7618830 2134608 9635566 7846119 9330904 7425818 9150637 7897119 7241372 799330 3225869 8654925 4242501 1807622 9351023 787926 983142 5502364 3630623 3615946 2031485 8929918 5783879 3327979 5001339 3247241 4599492 8188829 8197132 6011266 2040823 4426472 3478291 8159284 8947840 9560083 51970 1068160 5611207 1500265 1446400 2850274 743997 5264505 5468472 3629920 8573053 6187433 9803845 9789650 9842297 7776128 4772337 4919857 3168179 1937170 313374 7333054 7132381 2262747 1614177 9037895 6567335 282614 8482664 4789959 5508351 4244911 7544708 3694183 8703525
495 440
6848534 6848310 6848365 6848506 6848552 6848465 6848544 6848643 6848404 6848478 6848481 6848588 6848672 6848695 6848703 6848524 6848580 6848599 6848355 6848342 6848627 2085758 6848431 6848707 6848647 6848454 27893 7107454 6848392 6848324 6848451 6848322 6848313 6848714 6848537 6848467 6848455 6848353 6691593 6848553 6848369 7713242 6848363 6848315 6848428 6848484 6848585 6848685 3928607 6848556 6848337 6848624 6848679 8912103 6848726 6848312 6848628 6848611 6848432 6848489 6848500 6848586 6848686 6848606 6848604 6848531 6848671 6848746 6848572 6848371 6848393 6848542 6848389 6848529 6848560 6848519 6848462 6848461 6848526 6848601 6848445 6848453 6848557 6848387 6848423 6848538 6848593 6848589 6848632 6848576 2375932 6848566 6848660 6848459 6848499 6848659 6848737 6848654 4204499 6848378 6848394 1466940 6848595 6848332 6848575 6848504 6848661 6848419 6848382 6848621 7618125 6848625 6848656 6848505 6848545 6848559 6848437 6848433 6848520 6848648 6848496 6848358 6848728 6848719 6848523 3080671 6848724 6848732 6848681 6848645 6848608 8381339 6848548 6848487 6848362 6848345 6848407 2685842 6848517 6848513 6848501 6848339 6848412 6848380 6848677 6848729 6848425 6848424 6848364 6848658 6848443 6848598 6848343 2956326 6848414 6848528 6848418 6848334 3672385 6848663 6848696 6848561 6848638 770197 6848700 6848398 6848427 6848415 6848340 6848554 6848406 6848720 6848713 6848650 6848710 6848491 6848653 6848507 8343897 6848747 6848328 6848477 2952655 3714964 6848436 6848636 6848547 6848527 6848509 9094778 6848736 6848564 5147068 6848470 6848473 6848600 6848518 1223205 6848411 6848610 6848356 6848366 5607437 6848683 6848403 6848379 6848609 6848704 6848623 6848739 6848498 6848388 6848676 6848587 6848464 6848735 6848395 6848584 6848516 6848602 6848521 6848354 6848571 8114059 6848738 6848709 6848727 2114448 6848439 6848488 6848633 6848541 6848471 6848668 351035 6848323 1092107 6848490 6848665 6848314 6848420 6848361 752727 6848637 6848474 6848346 6848502 6848330 7081438 6848678 6848319 6848495 6848308 6848370 6848408 6848351 6848426 6848562 6848667 6848402 3338113 6848422 6848512 6848511 6848717 6848666 6848377 6848460 6848596 6848733 6061405 4377251 6848555 4732334 6848383 6848349 6848603 6848468 6848458 6848692 6848329 6848493 6848613 6848694 6848444 6848384 6848563 6848607 6848536 6848357 6848740 6848486 6848449 6848701 6848539 6848492 6848615 6848533 6848327 6848652 6848430 6848463 6848374 6848359 6848725 6848568 6848413 6848687 6848532 6848693 9145724 6848675 2546586 6848639 6848581 6848698 6848479 6848457 226969 6848619 6848684 6848690 6683293 6848344 6848582 6848699 6848409 6848657 6848551 6848744 6848535 6848546 6848326 6848649 6848483 6848309 6848421 6848673 6848336 6848697 6848341 6848590 6848640 6848712 6848508 1132991 6848335 6848333 6848705 92368 6848494 6848614 6848745 6848711 6848662 6848741 6848612 6848594 6848592 6848622 6848680 6848634 3457581 6848646 6848429 6848731 6848466 6848543 1650398 6848734 6848338 6848716 6848730 6848416 6848591 5471103 6848456 6848569 6848391 6848452 6848396 6848368 6848450 6848510 6848618 6848348 6848691 6848375 6848372 6848485 6848447 6848410 6848350 6848381 9220997 6848525 6848435 6848567 6848635 6848320 6848616 6848390 6848515 6848617 6848331 6848321 6848438 6848718 6848578 6848476 6848316 7034548 6848417 6848318 6848311 6848722 6848573 6848367 6848401 6848325 7367463 6848742 6848405 1702176 6848721 6848360 6848655 6848597 5206030 6848397 6848347 6848307 6848399 6848549 6848670 6848574 6848715 6848583 6848651 6848723 4726540 6848385 6848626 6848522 6848530 6848570 6848373 6848480 9365309 6455138 6848682 6848540 6848689 6848565 6848642 6848440 6848706 6848386 6848669 6848442 6848514 6848641 6848688 6848550 6848497 6848503 6848629 6848644 6848743 6848446 6848579 6848475 6848558 6848472 6848702 6063089 6848441 6848620 6848469 7323426 6848317 3514573 6848434 6848674 6848352 6848708 6848448 6848376 6848630 6848482 6848631 6848577 6848664 6848400 6848605
432 334
4526500 4526679 4526713 4526458 1665642 3680733 4526759 4526648 4526577 4526541 4526514 4526510 2536424 4526618 4526481 4526709 5760662 4526581 6625849 84711 4526625 4526513 4526702 4526477 4526539 4526557 4526483 4526559 1899912 4526647 4526580 5564807 4526728 4526475 4526567 4526464 4526460 3457607 4526499 4526455 4526710 3232024 4526697 4526691 4526698 4526616 4526600 9788598 4526703 4526609 4526752 4526548 4526549 4526706 7799870 4526778 1319475 4526457 750374 4526529 4526573 4526768 5255323 4526658 4526726 4526767 4526761 4526504 4526667 4526473 4526719 4526655 4526598 4526692 4526593 9252597 4526520 6467186 4526757 4526522 4526527 341960 4526576 4526530 4526685 4526605 4526547 1193847 4526744 9872757 4526727 4526636 4526649 6497364 4526507 4526741 3594173 4526465 3131897 4526695 4526724 4526678 4526615 4526571 4526782 4526739 4526694 5172961 4526545 4789855 7131552 4526708 4526754 4526480 4526735 4526479 7913927 4526721 4526771 4526627 4526633 658737 4526638 6596635 4526486 4526532 4526523 4526569 4526544 4526707 4526540 4526637 4526493 4526494 4526531 4526696 4526700 4526534 4526553 4526693 4526584 3109053 4526601 4526731 6572883 4526515 4526503 4526589 4526705 5765495 4526526 6781553 4526657 4526528 668028 4526786 4526524 4526525 4526579 4526674 110502 4526646 6493384 4526720 4526671 4526621 4526773 4520031 4526612 6250013 4526568 4526659 4526485 4526661 4526714 4526743 6439207 6926793 7532685 4526596 4526701 5106302 2878007 4526542 605136 1890388 4526746 4526611 4526777 3297315 4526474 4526673 9340541 8719039 4526506 4526683 4526497 4526610 4526641 4526737 4526561 4526620 4526588 2012062 4526521 4526552 5025672 4526643 4526676 4526454 4526755 4526516 4526511 4526747 4526751 4526471 4526623 4526684 6116887 4526745 4526566 4526785 4526590 4526686 4526502 4526570 6013396 4526734 4526592 4526781 9749368 4526517 4526619 4526779 962040 4526468 9273922 7661607 4526718 4526482 4526783 4526712 4526462 1686297 4526574 4526509 5793823 6912019 7929017 4526594 4526663 4526639 4526563 4526640 4526775 4526665 4526762 4526682 4526669 4526461 4526498 4526733 4526466 4526687 4526784 4526662 4526603 4526672 4526583 4526742 1071326 4526626 4526628 4526689 4526723 4526645 4526604 4526452 4526764 4526622 5358198 4526769 4526456 4526722 4526730 4526508 4526765 4526476 1279107 4526772 4526597 4526591 5678964 4526492 2303699 4526538 4526758 7753293 4526469 4526572 4526575 4526564 4526472 4526519 4526453 4526546 4526614 4526644 4526740 4526501 2150151 6924072 4526512 4526677 4526488 4526654 9570321 3449503 8519935 6479457 4526484 4526729 4526558 4526634 4526763 4526656 4526554 3097569 4526536 3187588 4526660 4526551 9700889 4526766 4526690 6006406 4526478 1915813 3993062 3160601 4526732 4526543 4526664 5996511 4526599 4526496 4526495 9771541 4526595 4526704 5337471 4526651 4526753 4526681 4526652 4526642 4526586 4526630 4526565 4526489 4526780 7108205 4526467 4526487 4526582 4526578 4526613 4526617 4526555 1400194 5927898 4526459 7888438 4526668 4526756 4526550 4526463 4526505 8648272 4526776 4526750 4526608 4526760 4526602 4526635 9217902 4526587 4526535 4526650 4526770 9676440 4526699 6986637 4526738 4526725 4526631 4526680 4526585 4526717 4526688 4526653 4526556 7858182 6806707 4526560 2480311 4526715 4526491 4526518 4526562 4526748 4526490 4526629 7739497 4526675 4526607 4526470 4526774 4526533 4526749 476003 4526736 4526624 4526537 4526716 4526606 4526632 7358383 4526711 5623641 4526670 4526666
386 276
9347954 6755614 8680288 9348075 9348000 9347843 9347898 9348027 9348079 9347912 3997831 9347946 1308214 9347907 9347895 9347933 8558185 9348031 9262494 9348021 9348049 9347909 9347813 9347853 9347947 9347972 9347859 5970333 9347971 8818777 9348030 9347950 9347923 841370 9885162 7963240 9347936 9347966 7055 9347844 9347926 9347811 2514331 9099056 9347953 9348006 9347945 9347977 9348050 5200503 9347976 9347984 4931739 2719180 9347942 9347928 5120633 9347906 9347867 9347964 9347992 9347860 3716023 9348064 3728696 7206334 9348054 9348058 9348029 9348015 6496305 9347893 9347887 9347961 9348083 9347885 9347932 9347978 9348045 9348025 9347827 9348004 3071295 9348028 9948157 9348042 9347918 9347865 2622076 9347902 9347872 9347825 9348010 6844210 9258181 9347989 7988176 3453439 9348019 4308970 9347834 9347991 9347948 2049608 9348056 9696533 9348003 9347870 9347988 9347830 2632324 9347841 7343685 9347850 9740642 1779272 9347812 9347888 9347832 9207533 9347921 9348034 3825599 9348012 9347959 9348072 9347980 9347915 9347910 9348078 9347901 7775542 9347875 9347838 9347823 6552857 9348043 9347922 9347873 9348061 272365 9347981 1018775 9348076 9347913 5168884 7280156 9347877 9348063 9347957 9348069 9348022 9347965 9348055 4710618 9348037 9348081 9348017 9348024 9348046 9347817 9347857 6027072 1261639 9347876 9347900 9347896 1423904 9347962 9348001 9348033 9347911 9347935 9347871 8050050 9348041 9347869 9348007 9347851 2740268 9348048 5744684 9347982 9348070 9347998 9347879 5632544 9347974 9347929 4713029 9347997 9348080 9347969 9348074 9347920 9347955 1060684 8443680 9347878 9347847 8264968 9347994 9347890 9347956 9347999 9348026 9348068 2369256 4500403 9348082 9347979 8000561 9347866 6794385 9347919 6158299 9348032 7237780 4045666 9348008 9907125 9347905 1105241 9347934 8824169 9348073 9347819 8243629 9348020 9347894 4922293 5849201 9539318 1464231 9347864 9347952 9347899 8468535 9348014 9347824 9347883 9347996 9347849 9347990 9348038 4746366 9347927 9347917 520681 9347924 9347975 9347881 9347858 9348077 2425469 9348002 9348016 6151049 9347937 9348018 9347931 9348065 9347914 9347987 4576907 9347903 9348085 9348036 9347944 9347891 4515241 7408754 9347973 9347995 3793271 9347963 5266169 8671025 9347828 718709 9347930 7528574 9347821 9347810 7897902 9347943 8606445 9347960 6871788 9347856 4942876 9347904 9347842 9348005 9347941 1206429 9348044 9347949 9347939 5884682 7996898 9348039 9347968 9347836 549153 1767456 9348040 9347882 9347889 9348057 9348067 9347831 9347846 9347814 9348035 9347833 9347840 9348084 2291274 9347855 8123153 7968709 9347925 9348013 9347839 9348011 5538428 9348062 9347861 9347854 9347852 9348023 9347967 9348066 9347880 9347951 9347822 9347908 5409196 9347816 9347970 9347820 9347886 9347863 4996751 9347868 3320032 9347874 9347835 7915325 9791597 9347993 1012391 9348059 9347862 1662562 9347958 9347818 9347940 9347983 9347845 9347916 9347897 9347809 9348051 2509030 9347815 6455174 8479134 9347837 9347848 9348009 9347892 9348071 93921 9347826 9347985 6259504 9347986 9348047 9347884 9348053 9348060 9347938 9348052 9347829
737 223
4620378 2114348 2114325 587712 9654477 2114188 7704101 2114361 1096030 6786371 2114336 2114271 5367175 3485724 2114236 4374803 2114183 475875 2114238 5733239 2114358 889507 2114170 6874769 504644 5086631 4039458 4126683 2114226 7971997 2114322 9678670 155229 9375107 4838270 1846607 1339071 2245383 2114303 7133470 9935312 2632527 9191975 2114163 2114341 2114230 3670151 2771204 7547562 6651316 887459 861906 7662932 8409731 4919782 2114259 5210834 2379530 2114338 638698 2006267 2114184 5236524 3972072 3024 2114177 5987361 166401 2114199 2114247 2114345 2346072 4007175 3366493 5629823 7042176 4525051 1052599 2114304 3652434 8665971 2114195 2114255 2654321 5160500 4535790 8995755 777381 3553761 2114242 4582368 8238620 5146524 2114321 3098570 2711744 7177125 7636904 9019925 1119986 2114379 5492512 2114355 2114219 8039722 2078221 8584660 9553619 2114290 2844047 2114192 1740764 1932191 2114285 2114204 2114315 6034327 2052681 8209745 6448991 2114369 9120368 2114212 2114166 2114180 2114161 2114251 2114268 633736 2114218 4128046 481247 2114178 8883310 7443327 47503 2114279 9944185 2114351 4605886 5492522 3107049 2114197 3289945 1303040 2114377 2101850 682505 2114311 2114191 1791771 2406747 2114231 1147255 3232206 2114363 2223164 1808793 9194022 2114306 1736546 4470336 7411490 7650376 2114343 4827137 1330290 9539775 2114326 4620708 754444 2114260 807687 9072120 9108130 2114175 2114243 3718394 7833688 1352430 2114298 6712216 2450113 9600572 745497 9095689 2114232 2114264 2114173 1188636 2114182 2114227 2114215 9577030 4301939 2114380 7719502 9111748 2114371 4888947 7016860 1532079 7849305 7100113 5307393 9667531 2114297 1372558 2114181 2114240 5741863 3648011 8192074 3494917 1793549 3454090 3319852 5334307 1691340 2114283 2114244 6432662 5482070 1593315 9068201 6997582 2114207 2114245 2114237 2114324 2114360 5355756 2114288 1171253 5251688 3404260 5670215 1221777 2114319 9763924 6175036 5542978 7233410 9249156 3250480 2114257 6891089 2114278 850457 3880214 3160495 657376 2327132 8511399 2114179 7284160 2114228 4199693 1747205 7685121 9629921 2114332 2114250 8248129 2114205 3353232 5337907 1857172 5393873 6345005 9310895 9380290 2114366 4407155 6065024 7129811 2114187 6179112 8684368 7117258 4854143 6617230 9149102 8137387 1742319 6968954 4513486 3909463 2114249 2114378 5892581 4935606 9775887 2114364 9244935 5774102 2114196 6770086 2809258 7025438 9678069 6790393 2114164 5711990 8130040 23095 656260 2114214 5944692 5530681 7113876 5420620 2114265 2114308 2114254 2114292 3504740 1344530 308217 7035244 3515918 2451462 1820554 7940469 2049629 4672791 2114367 2114159 5682770 1177677 2992535 4829397 4017872 2409252 1892720 1236332 2114354 7350180 1757775 1285995 9767982 7638921 8884261 8362219 2114334 2114362 2806892 2114160 5800165 6420309 9764203 2114262 1915571 2667718 383597 2114312 9813659 7517225 3441488 4444871 2114284 2114352 2114299 2114266 104166 2114356 332071 5096286 2114168 2114208 2114198 2114206 2114269 7396730 2910829 2114276 1306224 1192578 2114300 2114209 1067379 2666083 4325062 2114357 9678318 2114359 2114193 4367773 2897192 4516704 2114305 2609016 221732 7377071 3611056 2114296 9501790 4844583 6431807 1159578 2114373 2114222 3047466 2085764 2114203 5993384 7762139 7654633 5251905 2114201 5504462 8469108 1862076 3620793 743837 3865924 7431138 2114210 2114217 557587 2114267 1640634 7388333 1320601 2114344 6663394 282264 2114302 2114291 2114186 2114172 8935154 5665779 1038373 9302965 913390 2114339 3088187 2114253 3051935 2114375 2114282 7818736 9761 2120838 2114216 3982161 3103703 4018533 3475313 1282395 2114327 2822373 9585134 2509730 689689 290111 8219599 2114310 2114256 2906339 7105860 2114174 2592416 7203732 2605359 2114376 6765429 2114289 8427580 8472963 8350784 6440479 2114239 8406534 1142986 2919603 2114342 8968461 5211539 2114328 5016729 8380213 4054217 2114274 5374288 9560149 2114185 2114224 1518495 2114370 2114313 2685290 2114365 4932818 2352071 2114165 2114235 2600295 6649678 7571434 6517633 3828626 8848721 2114281 2114189 6605510 9847179 2114252 2711341 2487157 3001074 58855 1038337 569633 5871531 4663246 2114294 9743913 3084920 7169188 8140487 2114248 1456172 5207053 7219214 9859549 5182881 2114213 9635883 1255258 2795068 6890976 5528042 9651555 6932620 4942176 5906289 2114221 2114346 2114258 6480325 5922875 1143281 2114323 2114171 6738338 7907826 9960956 2784445 2114202 1506938 2114295 3804575 9967827 3570803 9516590 2257797 2114314 8252838 2114329 3033907 7040342 2114246 2114277 2114273 725520 5073178 9006394 4467187 5221291 6959263 126919 9141211 7334211 1115557 7337333 3254209 2114190 2114333 2114382 5664699 3639184 3343331 2114337 729981 7417041 2114200 1354875 7682461 9696839 2114162 3803888 319638 416533 4820391 2114275 2114280 5479406 322953 3218488 2114374 2114330 3536483 2708470 1210575 4221585 5860242 2114372 9201989 8416644 1158419 9317949 2377570 2114331 9890329 4741372 5908185 779079 2114318 1671952 4296490 2114316 4582993 4191299 4974884 5485381 2114176 5976143 6580507 2114340 612230 2114347 2114309 6927586 9994234 2114234 2114317 6801909 7129474 6312629 2071122 2114225 6675266 2206759 6595535 1524010 7248405 2114335 8314312 6537131 6118526 1118969 6443607 2114233 6529070 4688716 2114263 5275486 2114167 2114353 2114223 1791361 9618249 2950857 1446282 370971 7050313 2114301 4137506 202762 434380 37787 6831068 9843896 2114293 8388887 5359505 6425716 7581896 2114350 2114270 6018569 7776635 2300097 9144462 496606 5809722 2114272 2114261 2045736 8379946 6409431 9932451 6684791 5789723 3393737 9181402 2114220 2114381 8175913 2114368 2114320 1432089 8924528 2114287 2114286 4193852 2114194 6731456 2114307 2287453 9751212 7788219 5424157 1110448 7245776 8953369 6440358 2114241 2114349 9933559 2114211 1624649 5849053 6867048 5189325 2960844 6011486 4431020 2114229 1039084 5020174 5792002 9588424 2114169 1214941
865 97
4661120 9861283 4312039 6437833 2882536 8478117 2904548 7050709 9894866 7142234 7257581 6324376 1702822 3538651 1898328 8283846 9446024 6843038 7749989 7289852 533132 4402976 3746416 8518452 5189141 6810907 3324826 7471273 7857879 9210965 5314062 4952119 18505 3981478 2801340 6972696 120953 5958983 6195257 3787631 665771 9179926 4156789 3851108 4283512 2472643 5392986 547529 1707688 9955019 3263923 9862147 8504213 5174401 1578366 8755496 9640068 9698173 8450625 9336019 6579016 4716753 1781404 5566721 7386187 5222058 2337975 7877170 3362881 4074469 8379483 3096019 7807176 2999676 9138842 9906825 4024371 3122460 3656246 1863498 7532843 2566539 9525921 918197 448766 2625105 6476086 1302720 8793503 7494 5259622 9822285 6296082 5313032 6584648 7163629 1159590 6711927 5853178 7484931 5930445 6773782 5426728 8423394 3217678 2534824 6061772 660418 8091375 3103185 3288048 239035 7177662 5998975 1149231 5215132 9106330 9051322 8123345 7962420 6620813 2533750 838282 6768498 70384 1746979 9528637 2441540 5755310 8441838 9914419 9597581 604045 2419674 1539895 205596 6372567 2993056 7587342 3447364 5032307 2032234 9174043 1045183 2651115 8637747 5671536 5978497 8175991 370636 6393184 3850489 3784373 5043169 1380182 3946876 5049850 262235 4913661 4933844 639654 1942259 9052679 8542710 2862320 8288653 4952784 7876057 7054844 3668571 7513256 8145218 9977839 2604827 6807782 389437 5698869 5597639 1374862 5478118 287812 4563961 4823848 6341415 3929671 5770816 5728698 8991017 205907 4272248 2468113 1549697 4257078 8732028 4958971 9274455 719940 3613189 4653244 8670924 3920891 6788637 2531409 5563138 2040421 2128952 6669643 7622029 7532582 8461207 9789010 8041925 1242191 1598763 5192537 1115807 546097 4191883 7800199 2535884 3657764 6109736 3143595 3758006 7401779 4902239 9218808 8386892 6714437 1784399 2220403 4714897 4813573 1175971 8974493 9510666 5093628 7540677 2208223 5728536 3099900 6933279 6240380 6902073 8728903 5458090 8411536 9767880 6322709 632769 872592 6774520 2294177 7384308 9705421 6095598 8126290 883196 7788833 5939020 6221664 4369893 3060624 9555136 4592283 90048 3853483 3225980 9465604 9096942 1697873 659539 960046 5648957 5760442 3668392 9380039 9729854 7697729 6027118 7226196 8957039 6865253 192838 2469066 9825832 8017860 3882172 1929780 1258942 5214985 6890780 7376357 6423947 1478425 1559733 3548462 6290218 1877578 89714 7908308 3004344 9893768 9170872 36483 9679653 5673502 9890127 6721877 7374444 4363363 3773609 4781725 7010236 9039508 7458742 3264332 6525304 3628271 1535222 7203325 4224025 9260810 7866221 6342890 7640960 2397760 7500852 5397837 6751290 5835723 8041149 5377389 6122868 8090896 7825520 5495624 8164145 1914458 8010514 8357957 2774494 4274015 4098050 3214208 3334711 8405878 4895740 80894 4044721 8916050 6182726 6962454 3395946 8917175 2795200 1636599 5509397 5614627 5620939 6075460 8119577 9416142 5039603 4663513 3327304 4595686 7132623 5253487 1445858 5037647 8912136 686712 8631350 9823964 2125220 4802473 7884518 9727850 9075050 6488244 7956819 3225072 4980745 457001 733054 3523729 236628 2172415 5583000 4179685 8473335 8202920 8184213 4850615 3284110 9823049 9908958 7255625 2678751 7034222 3870664 9970602 3965442 8617207 8375531 4462247 1481840 5977645 3859242 9399285 5935742 8479593 1669719 3893986 72489 1852123 3034872 1983285 4492806 8391315 8633056 1027509 9739692 7318533 2602494 6795097 3454376 2026281 2125286 8444396 2689370 1047322 1722032 3767000 2100301 2884957 4943839 2764320 1965323 1505152 7156575 9503912 4932980 2397733 9898681 9933133 2031783 4812816 6675874 7039203 6999994 7276451 8168419 76679 3650982 3214503 3836511 3815431 3894433 3903650 3887561 9312883 5057660 1019841 8339012 1958567 7365815 2008126 9701328 937738 8230715 4967057 6354094 7733273 2912449 8634620 1969046 6123717 9505977 9355255 7410562 9555686 9834258 4021579 866077 3005095 9400473 5958653 7102028 1727113 3367671 1844592 3633543 3803201 8148440 7011568 8222098 9723018 9159857 7679731 7811186 4938746 5778150 2876165 441278 8952075 8535971 1735067 2856931 9373788 537663 7408585 5263299 9737468 432835 1235592 5127406 2873414 5369698 2138965 9203280 5837007 187244 7238651 4301102 1113116 5319348 475134 3708506 6870908 758949 4221566 1368436 8596665 380564 5832168 730424 4129093 9997703 6714811 7472805 2217607 4066433 5945238 8410138 512574 8939977 6233053 3451517 8714655 9518037 9999010 1217882 6823340 1407660 3806417 9517585 7435207 1744781 9964368 6932690 7983809 9394110 383827 5813317 3987645 7740160 7873733 1221833 3055042 9265917 8869332 2452710 9076544 3897988 6485295 4437165 6902366 2030153 117906 1852394 3028861 4127676 5915246 8213395 178838 7032245 2718429 4165930 2796488 7205803 2274680 3080116 869801 1871964 7353144 2286297 7665566 5031585 4429887 3620959 8257264 5238392 7415705 4671379 1421447 9354508 739264 2104667 5683072 5818475 2897383 9890772 7991480 2398900 5104933 6177569 5639610 5069439 8318356 8091382 7675828 335070 7786047 270816 3972087 5815462 5442477 696075 1863231 2847385 8440751 3763164 3431277 3850915 9164990 4447507 548594 1980579 6367834 5450780 2480733 5735022 8207304 5178848 5282166 4460686 9698690 6370784 9069371 9622872 6316839 750954 4917594 5873096 2556167 5670063 2491529 3716231 1155373 6612617 2550389 4262353 3843054 3964716 1093841 5229709 1065362 903326 2748293 7010285 9792406 8889405 6715477 1084907 1359061 4979611 5153536 6418019 7941440 7726252 1936564 9297408 1393563 1429674 5826864 4076522 4994383 381969 3876322 7738073 4568995 6146762 7504019 919172 5142782 9383814 9698083 2517594 654939 7090979 282201 3995730 7873922 7295076 6143324 6734197 4826377 580608 4085937 7778917 6696629 4834690 3447766 841005 7922204 1060323 7763092 7065834 9448695 6769694 2654397 9203453 7895993 5113611 4624843 5458666 618853 9378648 7632014 6529986 4079244 486482 8013663 5704962 7946289 5083756 3378119 1737483 9298733 8377475 6181214 3177602 4470309 7358360 8572985 410311 5971781 872405 1902537 5329585 8716519 3383071 9181791 4354993 8039308 4570734 9993853 9294848 9929891 7311209 7662045 7248797 1402400 7388838 2402524 9573042 9322718 7035055 2689576 8503741 6080472 7596948 7619168 6604593 2719975 7829912 1336207 9890416 4246976 5419194 3004136 9861104 6257672 7714487 6736021 8677453 8624473 9535828 7494265 99187 9604323 3134793 8218885 1042312 4788738 8862820 2658002 5880695 9094590 2521968 998771 2177182 876128 2170805 9416617 9503311 1811975 747162 7706799 2424940 3393206 5696820 6757920 3287910 5029874 5057481 488318 9168617 605773 504526 9028562 2386962 2451984 9522447 570443 404946 9990319 3333073 6212956 5429899 8511941 6234574 9642053 2391540 9053119 7627606 5489910 408408 7125881 4721157 4350308 9954105 3370534 3138131 4057204 5963501 2441641 1587482 4084264 7992829 1142807 5074327 7318910 9077388 2260956 1894352 2373627 7225848 4511188 1868426 1760005 2287717 4448429
77 36
1538511 9065676 3016330 3837558 2363477 5878376 6093021 2170645 9045025 2032336 3007622 9351486 2912107 3336920 384875 5501448 5860473 2623443 6196328 8789206 6550018 4999622 9206764 957774 2833470 793161 1251211 8809046 1449604 7835773 7157262 4401007 1397279 9131868 676634 430486 1526075 9276345 8863812 3878116 6102782 5203572 1996637 5484164 9768314 426042 4646132 7366892 4099196 2212532 58508 8978482 9920109 1210032 1087137 2191478 6987920 684404 2736489 7869870 9534641 8707093 3367570 1848125 1653448 6960541 4696495 4925362 2171444 7427373 6577133 715674 106877 4976367 9534051 3023774 8995179
565 198
5007077 5397411 2372872 92316 3804489 2372704 4966739 2372765 1715792 9547355 2372862 2372690 6091593 1327126 2372714 2372817 3525123 2372847 5332086 2188885 9453791 2372723 2372783 9129782 2372772 2372763 9855335 2372686 2372831 2372711 2372785 730259 2372809 2372830 1647200 2372845 2372708 2372737 2468936 4281202 3832460 6674555 2372827 2372813 3429010 2372875 6741674 4087889 1590860 2086946 8320095 2372863 4214555 2372731 1342479 1639827 1881277 2372840 8888265 2372844 6337819 429663 9564860 2995031 3983119 2526167 8976396 2372819 4297200 2372718 1766015 8966896 6716664 2372815 1209807 9669189 8445375 7926708 2303716 2530737 2372754 2372716 5779099 6105492 5163598 6854591 7304935 9202823 3411000 2032389 9704587 2372705 3779194 2935729 6553416 2372852 2372832 2372792 4072503 4878794 2372775 7516788 2372808 2372822 5851558 7585495 5582569 2372834 9508404 7314534 3965692 2372698 2372743 2269599 2372804 7905753 1414351 2372740 4369067 9205665 2372835 2003165 2051990 2372691 8509 2196403 6481025 929164 2372697 5599730 674897 5382392 4225800 2372836 7681872 6712507 3906924 8175291 9857180 1130778 2372795 2372774 6659399 2372753 2372779 5256290 9381899 2372857 1657370 2966511 263518 1849477 9353227 2372738 4813190 2372807 5153461 6211213 2372842 2372810 3933321 2372767 6509790 2372707 2372759 2372839 2372684 7208730 8449888 8373371 7179240 5378500 3204434 7538537 2372688 3465185 2372829 2372790 2372722 4343273 2372768 4229737 4665259 9282351 892157 6581917 680273 190050 1482157 2372850 3773714 9919466 7908809 2047006 2372848 2194634 8956840 6439496 2372837 7433206 7107861 7790427 2372701 2117565 2372734 2372757 3548192 2372802 5429929 2372702 5240240 2372771 8647641 4954578 2372762 2372786 2372726 8751252 925049 2372841 6071224 553069 2372773 2372777 5005274 3408296 2372692 8440627 2372873 2766492 8119410 2372703 2372798 2372806 2372793 9830813 2439999 2372811 525961 7245923 9654239 9353777 8702593 6405711 545490 219612 6330967 398111 1834236 7900659 3356371 4314622 2372729 3829350 1903594 2372838 3795605 4874330 4630006 9562125 2372747 2372865 7885515 2372764 4126782 903853 2372797 523136 2260586 2372736 7044107 6704662 4855606 7589522 9354824 2372877 2372699 1726873 1363638 2372758 2372800 8999431 8396852 2372874 8554338 2372681 1105040 2372712 7513807 2372683 635433 2372694 2372752 3090527 1424290 1051969 5425976 7867945 2372751 7227671 9760691 7852546 2372876 888907 2372861 6472905 4283407 923594 355308 4175481 2372781 8591940 5364261 7560456 2372755 6859191 4737673 9934707 2372787 381686 8637111 7104717 6529690 1584182 2390107 6485341 2372871 2372715 8365586 2372828 232824 6696799 2372801 2372749 2372741 2372805 9438195 2372823 1061512 2372695 2372780 6373105 2372869 3490320 1456961 400980 7498189 880280 2372879 2744126 6700554 837616 2372748 9756430 8952127 1276253 2372816 8937220 1725751 511161 5715718 1154418 1600524 2372725 4389668 2372799 1105562 6964785 9186636 4495829 2372825 6008996 2292674 5495334 5440201 5452972 7135742 7715216 476667 107281 2372750 6935608 2372791 9157868 6322874 6921224 3453478 3948956 4446288 293414 2372796 4740217 2372794 1131158 9588032 8473899 941296 1393992 5337205 2372867 3359405 2372730 6417750 1359957 2372706 3156766 1561433 2372878 3666659 2372709 4882677 1351525 4483105 2372776 2895584 2372824 2335672 1566627 2372868 435416 8145471 2372784 5315370 5754605 4548902 89553 2372843 1706737 9833944 2374503 8260818 8742042 7598232 2372770 707945 2372818 2372766 2372746 771904 8592459 2372858 5757205 7926576 1195983 3169797 2372846 2372700 2372724 2372860 1609090 2372682 2372826 8041567 4203442 2372778 7960717 2372719 2494370 1783921 2372851 2372866 2372870 6577899 2372853 4074423 5975185 7205119 976745 7639713 2372760 6218628 2372761 589331 2372687 7205800 6978418 2372745 5957978 5061172 6797212 8873657 2942959 3149769 2372717 4441381 3064666 2372769 1948885 2372849 8282185 2187801 4595108 2372789 2693844 2372733 2372721 47541 4630635 2372739 1390411 8690071 2372833 6836169 3651034 6147690 332538 2372803 2372735 2372788 1175099 3310749 2688152 6792984 2372814 2372732 9448198 7988768 4291797 4880858 2372821 8699869 8906407 2372742 7093840 5917667 2372859 2372854 4509347 759570 2372713 8876988 2372710 3805425 2372727 4945055 1830449 5069472 2372812 2372782 3220640 2372864 2372689 3038474 2372856 2372696 34993 6511918 2372756 2372744 2372820 2495650 2372855 2372720 5258599 858053 2372728 2861211 918655 6805968 2372685 3528152 4450322 9492055 1313076 2372693
762 398
9126504 7721898 2262849 8160865 9255779 1884112 3993051 5059743 2694007 1747081 8735882 1250963 9093477 1945239 7837770 5773217 1781980 5033733 119155 6819552 5776497 8793708 6071349 1221367 9985015 4517683 697524 8175434 4197540 5638765 6700276 7456868 7408240 3758199 6329279 7647519 5694424 7409622 110872 8843027 7515825 6231621 3105751 1706248 1930167 8802535 3422563 3264804 3161244 4261429 1887097 5482572 7809142 7798449 5688841 2366383 9362137 4244759 9527772 8196903 6577913 3922929 2387098 8298875 3361417 3700375 4946010 9324373 1117634 7861321 2108372 5604590 6779342 1795606 9287160 1302464 2522679 1881254 2941337 8332520 3371244 320400 9786555 7060768 7253020 1766790 767057 407366 1181384 407982 2763072 1769533 898667 7443470 2783872 2986314 3256150 4578840 7984648 9585421 7788883 4148011 8828668 6270381 2122283 534661 2841207 131632 373492 4034856 8131634 919538 3531563 6585391 1063059 4540614 3332338 5797063 1432816 5653543 7399150 2701686 4707145 793685 2016741 9713559 3160894 4480827 8463686 9390776 7002856 1918637 2209007 8520350 1210925 6946171 4123589 4439568 1637259 4603548 4433272 5173873 3251751 2794453 9418419 5881898 1183717 5421716 7343828 2376977 165463 1731705 165798 1468641 717847 560115 7145002 96701 6106128 5494354 9356171 3138993 4176855 1971988 1750742 7634122 6268982 4293418 2407737 2641541 1474475 4831127 8672277 5985528 6366495 333059 8549068 9261869 9964078 8686345 6348354 2894279 4312395 8003272 4726792 5297891 9164045 8747570 8930468 5684171 3018450 1139023 5101833 1591910 2387556 1758186 4933138 6241517 9041639 126687 6146032 4104522 4780195 679422 3697273 6804010 4791186 6830383 3641411 6157090 2356307 1750713 3987726 5413029 3946551 865543 5695432 2334023 9882224 6087277 5736083 4777782 6218755 9392712 1520934 51520 6891670 5407475 781902 9647391 4555601 371833 4661884 6682595 3263464 9677379 8774686 7848353 1216053 8173681 882481 7446690 5287424 1661710 3082361 9623833 6231487 6595753 6730585 8902107 9799857 2980290 8987327 713077 1786957 4644593 8095178 3653344 2708813 4426051 298294 3054196 7545402 9017596 5457736 1897656 5003192 1700528 6421488 5114071 3787576 3044400 281267 7903299 7506612 5459548 5175537 6946731 1748408 7636805 2601314 4568350 5067823 6709751 8596069 893344 9186710 764457 8975709 2576406 3963075 2590048 8844654 6827132 8744716 3901782 5236000 3563310 8662926 5435568 7690429 7718589 339462 9675059 1831768 3837712 8364162 7749018 254676 6974737 4574073 6152625 4570115 4001467 3514922 363730 8030831 9109744 7565825 1100705 6475915 153437 4928198 6329315 3592611 617313 3631950 4798399 3037558 8374661 5684684 3562862 4015479 8103626 9165795 6250043 4099886 1762589 2872652 2803523 3749051 3194061 284873 3683173 2645014 2748293 2459933 3048725 5357574 6988889 432426 2368213 526091 5564921 9562668 2625318 9360437 151097 1209115 8634694 3071172 5057168 6296488 1016357 3849553 2612846 3740288 6711533 3875540 1273741 9071658 6398245 8963229 403974 8440214 7461830 4542005 2972895 5181654 1177722 2091960 925717 4085621 7770161 1471153 5898226 8436329 1420381 5171149 9675272 6137221 9301436 4025012 3332825 749139 2447327 2185896 9722238 1918525 2917957 6555632 2706247 7922331 1555403 5294329 3915234 205233 7324043 8592315 338686 8032584 879405 3738069 2922505 6107351 8041311 9279440 9340166 9540417 2871472 6938196 9021418 9636981 6817962 8413913 2240844 945642 5779081 2250594 2966221 6059409 3186875 3640656 935995 1620867 1652645 5423431 578438 5368128 2831588 8307343 1750155 3420140 5817409 5670579 2331170 6573769 5083842 7805312 8353482 8624733 3738552 4488423 8361991 7709839 8323549 970874 6022300 8433099 8919076 3160996 4478975 3529287 9026491 4194752 5999105 7517520 3209647 1905255 5137580 3743101 982669 2665545 2994144 6021516 1850320 324334 1597733 4699652 804371 3302650 7624018 4253292 5459596 7732469 1985803 191810 7426473 7139700 3606754 7071 6681992 7758662 8579442 7404760 8423392 754828 7681025 839253 7539232 8083147 8317225 6622061 3497048 8967684 3890035 7540997 3406645 6351990 2590586 1091611 6762662 8209032 8636101 6351846 9457451 6185483 8555612 6444464 9609288 269772 7368885 6779753 3887151 570293 1987800 7098609 1015598 2879889 5971116 4532887 8570554 1696548 3925836 3589783 8350664 1932467 9976632 631622 4405713 1151133 1712982 6513403 3564998 996555 559522 2639602 3174745 3805554 5221445 4359984 9107878 3061616 1282695 1670144 960159 3601573 499686 5481946 1628478 4548869 796832 7695708 6237760 9670329 2627552 5090733 1412773 5007427 8664813 625222 5523678 4980152 347998 120488 167716 8843361 9736241 2924113 1471074 1933586 9200021 9188997 5591813 8999800 2353764 1849345 6291495 5463470 2337028 7198780 952104 7974799 8963393 1638164 1393059 1782893 5468588 3870260 7620730 2748680 7587750 7028120 4519030 461601 5493901 7982955 3180351 4834757 9427759 942372 1751060 4195658 8851156 1152602 2983787 3401787 3416877 3653961 2864768 6984798 1615926 4827026 38831 8863403 6734603 1845346 212350 8065150 9285676 9934026 4267753 809636 6857932 6823569 4151294 1183406 8934111 6710696 8362099 8897400 3335036 6791813 8986073 5420484 2702934 5315455 1329410 9046360 4775957 7553285 8780743 2362900 9573915 1451767 3680174 9165570 4143317 6537622 9432409 2134549 8608679 3317505 3114832 9906287 5254044 3382646 5348552 243645 5199300 451076 4207913 8526133 3854601 8347715 5210107 1979983 8672686 3653265 6528841 4246444 6405813 8071565 4172539 6442387 658484 7096155 904284 3306041 7588777 84656 9399709 484535 1020629 7981317 7438687 9196519 5573956 9838724 6454620 5553215 5940475 3595269 3193007 7674853 8230901 6153200 3691944 5582411 5449087 1384780 9444074 3312165 4455483 6399931 688531 350321 9301932 3663848 484666 5031604 1371223 9428131 6737173 1023634 9642867 3320049 9759170 9478415 1262899 3652390 5048371 3781852 3637821 7040336 2793012 3909172 7378543 6283772 966386 5058505 8481029 1695324 2659830 7098516 3514317 7297308 3001416 5185381 6343522 9302402 7612871 3238192 4255777 7724502 9001713 8628483 1904399 7484093 5330299 2982179 4674329
510 59
9195214 1914709 5786109 1167196 4483864 5417847 8509823 5323720 1391444 9040778 5417875 1464888 4331872 4230787 7685176 4351826 6341787 1262053 2087711 5417871 4573031 4743201 1723560 7737272 1392346 4843408 9398328 9406105 8840126 9667444 5081109 8405015 840096 8584858 5417882 2121176 5417892 8361028 5037138 1276580 2220939 4641520 3258039 2427835 3362414 6080860 9714471 630304 5417890 8723902 5417884 7094048 2342821 7806230 1066922 4606345 5417888 3332966 105973 7431495 4483376 6782972 8162609 1112180 230016 75008 6681761 6117095 7016487 4774039 4989518 3684988 1084703 6791787 1502416 5337360 3356591 5968366 6510683 6761118 1247567 5518573 6653815 5417860 5935537 4759895 5417880 240652 2875074 4780920 7648598 5205982 5417858 7243277 604874 9912252 1906580 5885782 5952836 2970457 8411514 5264116 6142971 8418117 1141552 6023048 4571875 3628231 5571835 8039929 5417864 5417867 6161926 2981845 5928412 7984417 5764543 2274280 8481008 4183039 7108541 5417894 5602763 8405991 4184022 5212347 5158088 1643887 5417897 6061710 7766259 3175983 6591962 5417893 3149999 6370624 1263911 376540 6695645 472075 5227401 5417861 8254463 2734906 765386 4135123 4974387 2726096 5417887 5417877 5509096 4576429 3230631 4763407 177495 5417844 5417895 5417870 304905 194122 239541 5417853 2166308 5308599 3748926 9218582 1496669 1708488 1745594 7417031 5545685 8803365 624282 5417856 5417841 7228167 8987542 1610180 5784385 5593996 2811478 99238 7519635 5769238 6683256 2936861 7026083 3051631 2374283 2929431 5417862 549079 9749222 4002581 3239969 5417872 5520554 8625800 6261855 5888912 5595362 9914306 3130902 2827878 1353963 2597774 7275388 7126198 9854387 9139225 5789521 8935384 8946716 5417886 713650 1798797 4624133 2565519 7539464 5417865 742829 4414386 6970372 2695474 9299858 8830196 5417842 5616353 905047 5417848 1184159 7909325 5143120 8333470 1599812 4598047 6882404 6104406 804421 961428 4060456 9483646 6085873 2455390 7738253 7769789 7824874 4850602 9035887 3150170 2263111 5943478 2716847 6509772 525596 4680531 2408449 2875104 210994 495781 1245690 499744 1893369 5417851 9635647 9528783 5417855 2277214 9855974 3087239 6083829 1378781 2704454 6846223 8038521 5256999 6449997 1409836 9351013 8555653 6800155 6316797 3096345 4172504 3712797 36104 4926804 9649650 9812877 5417869 3185200 8316117 7998224 2965771 1713737 5417846 6276124 3161483 2828049 6915469 5947217 1779089 4165863 7860604 5752043 8208068 4090636 6150711 7571803 8420375 9461827 7052342 3973390 5417863 5568679 8472597 6633364 4432840 3035064 6010214 8824404 2123656 7874564 3120149 9078941 2775251 7825479 5417898 225491 1130415 7487323 7081147 5835328 5915450 8815026 5417849 9620123 5564467 3394975 2749372 8247142 8300611 9208340 1745489 3774253 6175990 9641744 9719702 3159739 8400389 3735074 3350950 5417873 223293 7874398 1611727 3204040 8579882 3437879 5417899 5417885 5145045 9049676 7137068 7665944 8549561 2385248 5417878 518849 5417850 4340834 1262028 1018969 7802481 6470957 5452299 3538502 5417857 532547 4705918 6882865 5482018 4944303 693464 2866760 2760342 206173 6014453 858997 1039142 7293689 2737273 6236418 5517270 2253849 2465545 9651173 8796345 5417868 6235943 565913 5417866 4201623 8051553 4348415 6551674 4357030 5417854 2398273 4196110 5417876 5684990 145519 5417845 5417881 1798414 3980494 2954932 566199 948233 5221778 5417859 5344847 1912582 5929435 8871642 2188106 7100283 5417874 289137 5417889 463431 7234705 1118589 5792060 5124223 2139227 9373354 2055114 5417843 5767725 8122574 7400802 8917754 5520896 5417891 7564726 9428314 1816428 5607644 5963341 669903 5239676 8204785 496898 3362243 5417883 3568884 5065515 5635172 1392034 5417840 5038137 1428986 1775377 5417852 397220 3641604 6589039 7414602 9214960 8097120 9694151 1045461 7605124 8199350 6884120 746957 5417879 8437009 759338 6314368 107883 8868662 1960458 3973195 2633096 8484815 8333811 5237236 9594699 1844177 839968 6801839 4513442 4199352 3290925 5417896 102086 649189 2442723 7973239 2290204 5563795 5351551 6557516 2073561 9173635 7509805 2965804
184 182
108227 108192 108229 108112 108172 108146 108193 108256 108113 108206 108182 108253 108142 108211 108265 108197 108247 108128 108266 108209 108236 108162 108188 108213 108116 108217 108251 108119 108167 108268 108221 108088 108180 108240 108125 108101 108164 108124 108156 108147 108232 108161 108261 108159 108108 108219 108199 108184 108111 108238 108241 108160 108260 108233 108110 108092 108216 108158 108144 108224 108132 108196 108177 108179 108098 108191 108131 108165 108207 108145 108185 108127 108120 108154 108181 108228 108257 108175 108140 108153 108248 108183 108186 108218 108230 108239 108155 108126 108187 108129 108149 108245 108166 108212 108107 108267 108174 108234 108208 108103 108176 108123 108198 108087 108225 108094 108243 108086 108203 108194 108169 108215 108114 108250 108141 108105 108244 108090 108151 108254 108100 108189 108168 108220 108130 108190 108163 108202 108263 108231 108222 108091 108135 108152 563293 108104 108139 108226 108205 108223 108136 108099 108195 108089 108252 108173 108095 108237 108137 108178 108210 108118 108117 108150 108143 108106 108249 108102 108138 108109 108264 108134 108097 108093 108115 108201 108157 108214 108235 108148 108204 108200 108258 108121 108171 108122 108096 108242 108262 108259 108170 108133 108255 108246
355 74
3292413 5312551 2057361 3107999 6772186 9088819 9624840 5964873 2318638 7624504 6817803 8937212 8404466 8644876 7074651 3602140 6124782 8614917 1464893 4152674 3988015 801692 285109 4415084 1553517 8802268 2332312 2784704 4665576 7820247 9755602 1648982 6459030 6216948 3760544 7325546 9053476 2460311 6517182 2492435 1005980 6801405 6387131 1630946 1011166 8897137 4001079 1208985 9044516 4409386 1523929 8208057 9939568 5755870 3842275 9525589 6333126 9653295 4943376 1460750 9636461 5790827 9272322 6257248 2798981 923773 1847189 6113192 6931602 2717743 1131888 5556911 714295 3498995 6203386 4363865 2173319 9532215 194025 5759650 3664415 5872653 7086256 4751122 9122068 7609466 2072523 2389688 1755130 3446291 9890839 1822038 128222 2833744 6428254 9129526 9367343 6957123 7467112 7136605 2948771 5432345 2633831 7470868 730316 7495498 9951994 8564470 3553028 5479866 1282341 2029657 5977614 8990798 1976950 8239664 9758285 836800 5204124 7370486 1964313 2639832 9812979 1852411 3202626 4186237 1507978 135765 4980924 331862 4369978 2229393 3171530 6951275 365842 7587662 7782585 860912 3342240 3281668 3858568 2546277 2975345 984229 9427709 1550373 8231399 7031187 8292961 3789880 113521 5582946 7840648 2737028 1883674 2194577 7802109 3957574 2765609 2674031 4822009 6764142 552011 6137010 5872298 8077249 497661 4620941 4193881 6742681 9446428 3301431 244216 345564 2374855 4920309 2919274 2031594 959715 6194656 1817557 611062 531881 1626231 1713913 7686633 5072126 7016068 6303210 1422452 7326819 9778161 9200699 3495357 6505537 598305 8436713 8499622 3540921 5192096 9142912 9760442 8337071 6186918 4879897 8574789 4163415 9140002 4500642 7934287 2580136 2014921 7006454 4191077 9399432 9107801 2131291 5084815 7190406 1250196 9256587 8923594 1595913 3755636 4869082 8153075 3390806 1826411 4812813 7330558 3375294 3370593 2851730 5454318 7975324 2291317 919274 892455 8286112 1199322 3513947 5248899 9016248 4007857 8213100 3409690 9534191 5455030 1265429 7721471 2051324 5620256 3996438 4919496 884867 3490167 3122526 1644416 8776778 7315329 9403833 3603635 8464020 3757616 9578603 8477615 3339351 4797201 5564961 5648138 9786022 4840531 5945065 3529701 9015809 2411186 4730652 8949080 2711373 4425660 3071521 1034446 6416922 7205128 8989140 9499325 5162719 6489707 6413006 8608156 787581 3820029 8007612 9325208 2201099 4291503 8550296 5517948 2547673 3184914 9040951 5211564 9260761 6058068 8664873 8797689 9893657 6885620 4264897 8119289 3446520 6036950 5206764 8843237 2018234 9372191 7582234 7105244 620023 4321691 399326 7125435 457167 2978080 1976898 3890160 3246499 9566063 7970389 3577105 2703487 6044338 2438085 8070177 4941761 832365 5889475 4521735 1744854 1449801 2317347 8198649 5407993 7171321 9788939 5581923 8026377 8400695 3458178 7360936 2404466 6898242 7578924 8449056 2089550
377 303
1156355 4378087 130740 4695871 9650884 6304367 701885 6586133 1272132 7504637 3714398 6642088 6370689 6790453 3944336 8690207 5228727 6625452 7883800 4180744 4244144 834240 8655325 8309816 7464006 9459303 1107837 4340338 859911 9832670 3236543 4982587 6516187 3774011 5889586 306560 3533938 3239490 89695 3128979 25624 1248077 8240594 5470637 1780220 1869094 6199569 9898769 4335625 4493261 2527556 9666244 321471 2341708 9848681 7366175 4382089 2867332 8883503 8707752 3456331 1391334 6447757 2222584 6727396 9233713 4089275 6292431 3353035 2183296 7099087 9316434 1419659 2353612 568295 6837518 6325138 4729914 555942 8138659 8395030 2329778 5148488 2484790 1504032 7285721 5826678 2167509 3972985 6353407 1148580 8775662 8822552 5266671 9782070 5080014 3520932 2953625 6860565 9267758 6690027 5009097 9222136 7227554 9306545 9234533 3441145 582600 2792435 6949963 2499935 234537 6994972 6601594 4278201 825659 6637013 8706407 3671312 5412582 4532101 9335289 1656762 2151481 6840354 8632932 9376522 9673595 1446166 5857870 2629349 8802966 307795 4663028 3137302 7811308 6683942 5241228 6967120 105895 407226 2050225 7840804 5811591 7745150 5887621 6928205 5057650 3628811 9073962 7680121 2434648 1084263 2342482 5850531 1170305 7120881 9913234 6796640 3307257 9341065 9235654 3523486 3408829 9371434 8415751 4835361 7876737 5186532 2734141 5621374 8250003 1171932 3602764 6924447 2550605 5696805 3786082 9446829 6069352 9298317 6714651 6649579 5748769 8405689 1974737 9294264 7863094 4112967 5608698 6900523 8498824 5570375 3658110 7335504 4346336 9886202 9260993 9680915 6515853 4946830 553936 9406082 8150693 9832397 6988932 3207091 430515 3518844 6958950 7515304 6925195 8041097 9437315 9941810 2679163 9674340 2064849 5540396 5543296 8777071 1675162 7946021 5237792 3895665 6050930 4701200 2652745 3136837 404476 7961748 7416302 7074803 7647532 2730011 5900435 8296006 5389961 1367498 2948955 5202301 5075230 1557412 5946363 1490014 7105225 5754170 4955954 5357963 1321930 1059821 2029989 6980606 2658842 1599569 3807855 8494454 4726955 7296000 776093 3140493 6148931 7579602 379039 8624300 6148200 3045247 7920094 7632590 1464554 1207203 7808673 1564600 961010 4092454 3452341 1505889 8764836 7500692 1024252 5078921 2932012 7099619 7756638 568936 139592 9836749 1204011 1483334 5601959 7497517 1120965 1643096 8024469 7180828 5610942 7402312 6553692 9062939 3917540 8462658 1654478 4561955 5196790 6542087 9686687 4658509 3477485 6568786 8226714 4907665 938795 8147154 5981185 1878496 9782402 5056077 7092999 6952798 3743264 7781531 3425618 6492262 2312805 9803944 1292247 5258781 9676093 2802366 1114097 4458129 2357940 9285177 1327121 9120567 9137503 572920 3938189 8306746 7505838 1395110 3954446 8686306 2063783 377932 8823885 1983601 7737243 3298438 1771610 3465510 7810773 1743864 9648524 7316622 6839180 7390733 9412021 1753662 569257 5363897 9794861 2119385 2861945 4860211 3313462 4262797 9263385 6055991 7143122 2265373 874536 6705363 889520 4744821 690343 8353736
148 109
9008079 5235040 4411416 2613832 5305085 5477883 2859462 8561859 8556546 4326707 5645718 4481587 606954 4141981 9560835 8540134 7347031 7812558 3284444 3488076 7493882 6385447 8581371 4705886 6367811 1860201 1958413 1885898 9062901 6722415 723763 5072309 6525100 5884836 1948805 6779145 9986729 7969875 5768073 8968615 565814 4530090 363395 529424 6890976 8097639 1080941 3927630 8031010 3882785 9117478 6361116 7994736 7726918 7357793 3379735 8660909 9003206 7083744 4213308 5218181 5410613 1050210 5236208 5641192 642386 2378257 6596847 9999697 4595054 6132963 1170420 6635376 23004 4735775 1182907 2506507 6748150 1114771 1139394 6656389 5258707 7585244 1847687 1416507 5747996 4967198 8969689 5910360 6621715 2468006 3113114 9591345 887543 8869418 692435 1676055 3271446 7084354 2444088 4912133 600901 3291087 998010 8440243 2207393 6563387 9392545 7174748 8187962 7527004 4000202 5971730 1301410 5604650 4564913 622047 6560236 8372133 1712022 6668198 9312611 7250596 2800301 7802578 6268245 1125935 7946801 6050325 3499427 9166772 6483955 2585432 1366746 1160587 7090983 5053974 4881646 7285232 5609002 8248500 3356161 7068515 4256369 4817677 810776 8024143 5617177
219 61
4377385 4377362 2072859 3203474 7659691 4377343 559220 4377399 4377391 1230182 6762605 4377371 4377373 5083696 8722066 4321885 4377375 1317823 9345239 4377394 709920 8770797 4377370 4377388 4377369 9541156 4377359 2741204 5393014 6472865 4377387 4377380 8056594 4377357 486815 1825088 922753 5986570 4377360 8798136 837433 2508595 4377401 1713098 4377403 4467498 8643624 4377383 5446381 8591520 4377350 7324483 4377381 8367575 4377346 4377386 7896208 4377397 8393655 4377400 3977883 2358187 6519537 7466598 3384470 8191091 8476489 3010506 4960134 4377345 871885 664579 4377364 7401205 8006423 4377374 1845714 5678686 3169061 2198947 4377349 4272669 1478509 7158451 406497 3444920 1968092 2406383 8217618 3593036 5253104 3628272 4377402 9517687 461690 4377378 1960658 6723219 9683857 758493 6497990 2344006 4377389 4377355 5693280 8210930 8765956 4377376 4375874 1375134 4377344 6340406 2447360 7106735 9711023 7724259 2945887 7572032 4377361 7733598 8867194 127648 5033377 8920353 1340178 7262655 3326792 2523415 4377366 4325490 4377365 520068 9380192 3865697 4377379 4377358 4377384 3505248 2818678 8806096 4377352 7831210 4377368 4377363 6895730 4813180 1994002 4377393 4377382 5645636 4377367 7286081 4377390 4377347 1983331 958195 9693716 3059768 7606929 1418309 2271571 8058330 635528 2906273 7427219 855868 4299123 1901642 3784782 4377353 2084078 4366499 6689643 4584867 2662283 6531967 2546883 9267307 6436165 5294638 4377354 8092809 9215362 2802587 5689501 3115436 3548018 1002001 3719896 4260675 2723478 5259015 6240805 4377395 5062817 9741834 4377342 2523758 6188788 8132264 2553508 3350852 4377377 7684534 4298019 4377398 4377348 729336 4377392 4377396 4377372 2488516 1162372 40783 9608086 5612222 4377356 4377351 8312993
548 167
7776680 4349830 9556749 3016043 1340169 5209884 8367773 3635409 8471463 7790132 1340105 1340123 2470807 1340097 9496132 8087485 1340054 5056314 8085380 9596342 8722460 2834489 8257300 8493378 3402720 2610372 1340036 1340091 9384003 2867811 329767 959117 354936 1340120 4686383 1340119 243915 4019081 1340125 3934945 2924404 5934044 5601353 6848037 8163981 4098068 4113365 9812821 3508727 6783581 9302422 9771178 1340039 8624130 3306162 7460280 1340042 5409946 1340165 1340029 9615805 1340113 7783497 1340090 1340164 9002442 5454306 1340037 8879239 5603688 1340180 1340187 1340083 7657911 1340147 4878807 4524560 7401705 4946180 201422 571142 9316083 1482432 4198657 1340140 1011983 1340131 1340069 1340085 1087140 1340124 1340145 1340179 4615132 4597152 1340082 8678021 8999402 8961756 6203296 6657965 3019618 1340034 4183461 1261076 2877877 2431989 6234369 9126944 3595616 9928290 5626679 9330878 4603236 5570712 5454287 5601404 1340080 5542083 1340053 4588710 9114873 4271760 1340177 4165534 1340167 1340174 9934629 9155503 1340063 1340025 4245283 6158490 4424804 1340038 4461375 1129455 8199948 7171019 7629061 235458 9935644 5125230 7085014 672730 1340101 1340178 1340156 1340110 3740785 1420458 4441055 1340049 2988990 7593601 7188423 1967498 5024786 9407484 7872984 1340103 1340055 9945241 9816813 5719980 1223311 5844844 5982969 5008080 7577871 5863133 1113653 3676987 5159893 1340041 1340130 6728970 1340162 1340081 1340148 1340028 6306772 4759059 4270785 1340149 204809 3375264 3700608 6937251 582878 1340138 9169159 1369754 7696631 1484357 1340182 1615154 1340109 1340137 1340070 8574917 928624 7368358 6935493 1340032 6460938 5837576 6308975 7765921 123208 1340106 5062408 1340172 2919453 7774610 8372576 8354815 1340118 8105709 1340075 8577007 964514 3073178 1729488 1340086 6533054 7334331 5003852 5840218 1340114 9436630 174626 1340062 1340127 9607004 4162509 8735483 4779224 5691680 8450776 1340154 382890 1340051 5788818 2026057 1340116 1340021 1458585 1340159 1340133 1340073 7947195 1659705 4756121 1340166 1340157 768889 1340035 4253306 1340100 1340096 5925216 9881239 1340099 1625681 5681977 8320808 1340121 1340132 2001237 6175199 4424839 8792223 425532 6518350 4657150 1340094 5373892 690842 6608342 1340171 5265581 9475083 9010097 9660272 1340143 1340068 9791636 8501679 6643913 9500750 1340050 2696066 7290908 1340153 3925576 1340092 1451437 2981180 2719660 1340059 681890 6923106 655888 1340170 7411683 3982670 3060489 1340020 6986940 1340185 6596175 4373078 1340060 1340089 3658443 7051672 1340056 1340117 5771958 6451557 3376331 9309202 8707436 1079746 2436589 6631471 1340135 8048694 2704288 1340144 5966503 1340173 1340047 2493494 1032508 724829 3578737 1340181 7718275 1943237 8022930 6450396 1340115 3826591 6897132 5627387 8319439 1340464 3410158 4683222 79692 5727761 1604923 1340129 8293979 2157554 8638767 1340111 1340122 5110143 1340061 6914102 9561757 5554330 8407541 1340033 7258664 1340176 1340095 1340044 1340141 4054805 9809172 5608629 1340045 3821235 1340112 1340104 5102521 6373261 4744992 2477170 4251926 8330858 9660080 8333572 7505772 9055787 8515763 2262151 3902827 4137817 4122441 7276309 4308629 1340107 1340108 2215074 4440442 1340088 1340031 7617063 1340184 7817597 1340077 8330461 9791341 8821624 6712830 1876001 5804607 1340067 2972573 1340072 2358186 1340146 5424456 1340183 8426778 1340026 1340158 5365574 7372506 7162909 4359791 6553723 1340098 2803108 1985383 114028 1340046 1651518 1340064 1340186 7831858 535634 1913633 1340084 1146179 7548690 7104829 7774457 1340151 6065278 943213 1901337 990926 4721597 2536492 5143093 1340093 1694462 1163399 1340027 1340128 7717009 1340150 8896200 5859949 1340087 3649180 1340136 1340079 1340076 8851888 1340160 3936910 6757454 1340052 344827 1340066 1340078 1340168 1340134 785299 9753847 9376393 2450310 1605713 319902 316954 1340102 3067537 1340139 141660 2667603 4086784 1340142 4084905 1340030 3943331 3667390 1340161 4215078 1340175 2098176 1844215 1340048 1340040 1340023 1340155 1340024 1340057 7775169 8551627 504893 3886287 5619558 1340058 7026598 4408826 1971852 3225339 1340071 128290 4199737 1892570 2431165 1379562 914674 1340126 3524594 2153384 6987638 3722410 7918450 1340152 3446265 28906 9712852 1340022 590424 9162063 1340163 1340074 5406432 1340065 3490624 8698457 9993736 1884302 6252822 720529 9950568 1340043 7110299 6833620
90 53
9149394 9149414 9149435 413593 9149425 3980174 9149398 2568314 3006012 9149433 9111205 5496448 9946713 9149419 3556555 3382897 4857860 9149396 9149420 9149430 7348044 9149392 9149427 9149399 411913 8131257 9149436 9149423 9149389 9149437 9149421 3327289 7024061 1206130 9149409 5828193 9149407 7122149 1976287 9149391 8513131 9149438 9149441 9149393 9149442 556421 9149415 9149404 9149400 9149426 9149418 9149422 9149429 4599413 9922351 9149412 9149390 9149424 9149431 9149428 9149432 9149417 9149395 9149410 9149440 2392526 1161247 4948291 3456972 3820732 9926946 9149403 9149408 9149405 110836 9149411 2286443 9149406 9149397 9149439 9149434 9149413 77953 9457062 9149416 4955389 2421327 9149401 9149402 346557
241 205
8317303 950390 9289033 8640939 2586947 4669636 1991254 6795324 4009007 8829995 9536826 8897122 4088833 5422032 9598759 1175876 5187821 6211789 3158312 177394 4099481 7861486 2828279 5759791 4188635 2197551 3966997 2442313 5009099 4597823 9412115 5475897 481680 7003504 1415420 2138085 664440 5220627 7042503 7844688 1072375 8015276 7062124 3232787 3908044 8428851 6837380 3342742 6376255 3945841 2777174 6982160 4531382 302028 6265670 9655675 426757 6181543 5956455 2373719 2996548 3486577 7569094 6845675 9389310 4294571 8265316 5326441 681461 5489722 5265400 2751243 8457191 9392096 4965664 7074891 126360 3571335 5774287 1377811 988670 2154735 1923023 5658141 7164248 751007 5159022 8938726 7918399 6570291 6491809 6998894 3520884 1954146 1167809 1826251 3252308 6152886 3298958 94688 2059000 5807973 3199627 1544667 504654 7626680 1577430 3528548 4141926 8429773 7539147 4430174 7092110 1509815 2219653 7480137 4342452 8264514 1344241 1268677 9327931 2455029 184086 1786150 1613416 174263 8563168 7419593 5717015 5521856 5164499 9373857 3098868 5875630 2368478 9198754 4397731 7619347 3342750 5510230 9492696 9029822 5398979 3440342 3518481 8543462 495882 4012132 6256975 8162274 7088309 7205035 9356648 1561423 703378 6096755 3109738 9473891 2814051 749814 2542581 9520812 2910634 8785096 8336553 2674 4135152 6736963 5509185 7622664 795835 6258329 5189111 5994827 1536229 6336053 3562487 9721437 4204346 3045856 2879882 3984419 5814188 8506727 3863276 2906555 5393099 8708928 2140773 1159375 7563843 8588256 1008122 657220 2318478 1542831 6433651 7171306 4257366 8242031 8980086 3281140 1255583 4738621 9036481 1930103 9583711 5597954 6263521 4363660 7811220 8892214 7987657 2965417 6738845 8530113 8582735 7766364 8721724 4327933 6822362 8762546 7569768 88381 4906304 9564087 1668016 27978 6037830 6331400 5166292 7654938 1390656 6600527 4159496 5364750 7346541 753951 6147380 9659449 4853317
223 19
9574245 7632229 2603604 2829926 6063623 4018831 7224187 8556934 4615831 6401642 4488391 4536213 6246894 9978978 7079569 8467583 9304008 4514445 4136554 5464324 6014162 503042 7550946 3353780 8718758 4385738 9316230 4673281 3738862 4620026 9989155 3916029 463805 7018475 9206180 3718550 5109003 9935738 172432 4813212 6179175 4840156 4949953 8468835 5805990 7079635 4664245 2519224 467351 6568671 5342124 586593 7047174 3724886 3524046 4999449 8080535 7003414 1768255 9047449 2984588 4058998 547254 8341905 348034 7090769 1082629 1257169 3283844 1229681 2293186 5434685 4353927 6861722 5294356 3386868 307568 8679596 1609344 5307995 8091450 6361792 2944486 4403430 313829 3495483 3784240 7627694 5087531 7396028 1652379 1440357 235477 7103981 7538747 5549607 8886468 9039542 2916644 5125086 1250266 5461918 6473084 5621689 5206365 1031793 9581489 3525203 4370436 1845475 8397537 2455331 8274957 4365657 6182055 5143193 60055 4004146 1310950 7937097 8397931 8849589 4938005 171714 6799431 916318 6553490 1137031 3218968 8181571 9563418 6298611 4341406 4697069 7302695 1820990 1431897 6075133 5304031 8264178 7453919 8861474 257463 5906749 8838983 6334526 8572314 6077011 5987630 3995739 9951222 381770 145392 871045 6166587 9936478 6808582 3296059 2322162 7548674 7059737 1096207 3879447 2777026 6882191 690076 5888003 1057292 6217510 6851496 7375151 6163013 2963391 6612235 4709193 5101247 4154184 5734201 2770638 8012511 1949506 1873735 3344749 9472311 6429385 9628081 2202597 8640906 7285127 3572139 3075076 6020469 4533198 4481675 9058740 3961526 1567516 96320 6849249 4808328 7228923 1846042 7198810 7632352 5703263 9041935 1593158 4128182 1031425 7866920 8715428 5806679 9187776 9571679 6088005 5560795 6358361 2064305 8322958 7018770 1214899 1891049 882730
